num1,num2,result,class
-379,35,-414,2
167,-207,-40,1
352,-358,-6,1
362,-469,-107,1
125,14,139,1
412,-466,878,2
70,-292,362,2
347,-311,36,1
-353,-105,-248,2
-405,430,25,1
375,-266,641,2
-61,378,-439,2
80,-22,58,1
7,203,210,1
382,-349,731,2
131,-43,88,1
102,-184,286,2
219,115,104,2
285,172,457,1
-57,-27,-84,1
313,-398,711,2
251,-299,-48,1
459,428,31,2
232,-13,245,2
336,346,-10,2
270,371,641,1
76,-40,36,1
-383,326,-709,2
103,197,300,1
-430,124,-554,2
68,111,179,1
-374,47,-421,2
-458,-498,40,2
-74,-213,-287,1
486,417,69,2
131,-77,208,2
182,1,181,2
480,-424,904,2
47,220,267,1
-66,-406,-472,1
-116,420,-536,2
-410,483,-893,2
15,-102,117,2
105,325,430,1
-470,-193,-277,2
-402,-436,34,2
62,-116,178,2
-224,201,-23,1
-173,12,-161,1
-360,158,-202,1
-368,-427,-795,1
423,429,852,1
218,-4,222,2
-64,-329,265,2
-135,92,-227,2
97,318,415,1
264,147,117,2
467,-209,258,1
435,310,125,2
-456,-453,-909,1
320,398,-78,2
41,-204,245,2
-353,243,-596,2
-416,435,19,1
-457,-426,-31,2
78,335,413,1
-190,-295,105,2
483,-400,883,2
-440,-107,-547,1
-142,-110,-252,1
-130,222,-352,2
316,-428,744,2
-372,444,-816,2
-465,-373,-92,2
295,-305,600,2
-29,-455,426,2
-387,353,-34,1
-194,-473,-667,1
-165,-113,-278,1
-10,204,194,1
86,-255,-169,1
-303,-137,-166,2
-56,-155,99,2
394,-138,532,2
-388,120,-268,1
-185,155,-30,1
-194,409,-603,2
215,-492,-277,1
-302,-273,-575,1
268,187,81,2
13,90,-77,2
391,460,851,1
-309,38,-347,2
379,-441,820,2
316,284,32,2
319,493,812,1
-447,430,-877,2
-464,-247,-711,1
-201,78,-279,2
119,329,448,1
418,18,436,1
-105,-249,-354,1
-231,-421,-652,1
140,499,-359,2
98,-133,-35,1
-34,-104,-138,1
486,-90,576,2
312,100,212,2
-50,-66,-116,1
177,-169,8,1
253,-287,540,2
-359,-317,-676,1
-147,-113,-34,2
-161,218,57,1
-139,-316,177,2
-376,-126,-502,1
112,171,-59,2
427,-20,407,1
-147,-412,-559,1
77,-30,47,1
-232,58,-290,2
444,-135,309,1
306,396,702,1
325,199,524,1
-446,-134,-580,1
-344,-457,113,2
-117,131,-248,2
-263,-294,-557,1
-44,263,-307,2
-29,-312,-341,1
-426,40,-386,1
-288,243,-531,2
-463,384,-79,1
-336,94,-242,1
47,-451,-404,1
264,43,221,2
-305,-109,-414,1
258,225,483,1
-404,474,70,1
-1,152,151,1
-73,220,-293,2
-177,62,-115,1
355,-243,598,2
-362,-464,102,2
296,411,707,1
292,46,338,1
246,204,450,1
-295,-163,-458,1
-386,-331,-717,1
54,475,-421,2
285,164,449,1
-261,-165,-426,1
-382,367,-15,1
-234,245,11,1
356,117,239,2
331,316,647,1
470,-320,150,1
473,293,180,2
408,-72,480,2
-57,207,150,1
145,-63,82,1
383,-108,275,1
380,73,307,2
142,244,-102,2
380,31,349,2
-490,-300,-790,1
343,77,266,2
409,329,80,2
-156,281,-437,2
378,-86,292,1
364,491,-127,2
265,-284,-19,1
178,254,432,1
-127,106,-21,1
-480,-379,-101,2
4,281,285,1
329,377,-48,2
342,47,389,1
-280,190,-470,2
-265,59,-206,1
-404,-373,-31,2
-50,-137,87,2
-499,495,-994,2
414,-179,593,2
217,-471,-254,1
-385,-63,-448,1
-161,179,-340,2
-469,287,-756,2
192,253,445,1
-256,-409,-665,1
-146,-135,-281,1
154,85,69,2
461,-486,-25,1
-318,-128,-446,1
-485,-500,-985,1
25,-216,-191,1
250,338,588,1
499,-346,153,1
-308,-253,-561,1
-101,-70,-31,2
363,428,-65,2
-474,-354,-120,2
33,-325,-292,1
118,-154,-36,1
-236,466,230,1
-336,101,-235,1
-128,-233,-361,1
-79,332,253,1
-397,-55,-452,1
122,-214,336,2
421,348,769,1
-265,-71,-336,1
-266,-28,-294,1
-37,-10,-27,2
450,143,593,1
-132,-248,116,2
398,76,322,2
308,-168,476,2
-439,422,-17,1
281,419,700,1
-489,18,-507,2
90,-283,-193,1
-69,159,90,1
173,295,468,1
-39,344,305,1
-285,248,-37,1
210,-207,3,1
247,9,256,1
159,-354,513,2
-48,-162,114,2
-406,37,-443,2
425,422,847,1
312,-164,148,1
80,271,351,1
-151,175,-326,2
249,-391,-142,1
458,-256,202,1
384,379,763,1
-433,-299,-134,2
467,343,124,2
-438,329,-109,1
-291,223,-514,2
180,432,612,1
228,60,168,2
442,-80,522,2
-476,-82,-558,1
31,183,-152,2
2,-299,301,2
-406,-213,-193,2
122,-43,79,1
369,-16,385,2
-379,158,-221,1
-314,377,-691,2
-395,-294,-689,1
133,70,203,1
143,-424,567,2
394,193,587,1
463,-401,864,2
-240,-41,-281,1
-300,16,-284,1
-399,-232,-631,1
-449,368,-81,1
105,-465,-360,1
354,-327,27,1
-182,335,153,1
487,495,-8,2
-100,-152,52,2
-187,356,169,1
232,-160,392,2
-265,297,-562,2
244,274,-30,2
-251,-392,-643,1
228,230,458,1
-166,-291,125,2
0,-322,322,2
-305,253,-52,1
267,-215,482,2
145,400,545,1
253,183,70,2
-297,70,-227,1
148,290,438,1
-130,-211,81,2
334,-346,680,2
126,-353,-227,1
48,-178,226,2
126,406,532,1
-448,-259,-189,2
-335,366,-701,2
466,254,212,2
-484,-87,-397,2
388,418,806,1
310,-204,514,2
354,-385,739,2
-307,-334,-641,1
-67,-145,-212,1
-238,-421,183,2
-125,160,-285,2
-106,-311,205,2
-323,-194,-129,2
491,254,745,1
-65,228,163,1
214,472,686,1
-37,-187,-224,1
401,326,75,2
-425,342,-767,2
8,46,-38,2
-7,50,-57,2
431,470,901,1
276,-74,350,2
220,-203,423,2
-372,-30,-402,1
281,-36,245,1
34,-494,-460,1
206,427,-221,2
-284,-288,-572,1
-207,-175,-32,2
-326,-116,-210,2
-147,-114,-33,2
-50,60,10,1
61,144,-83,2
459,-468,-9,1
-39,283,-322,2
-11,-23,-34,1
468,-352,820,2
-44,226,-270,2
-173,395,-568,2
-73,-210,-283,1
359,-499,-140,1
144,-66,210,2
437,84,521,1
-390,-124,-266,2
-8,234,226,1
-221,309,-530,2
28,159,187,1
-239,-181,-420,1
-93,-7,-100,1
349,-288,637,2
-375,244,-619,2
439,465,904,1
338,305,33,2
280,-159,121,1
414,-198,216,1
-273,-384,111,2
312,328,-16,2
190,208,-18,2
102,-484,-382,1
49,-42,7,1
64,145,-81,2
-243,-496,253,2
114,432,-318,2
-93,429,336,1
-54,161,107,1
108,-277,385,2
-390,476,-866,2
-214,-283,69,2
-346,474,-820,2
93,-184,-91,1
-179,-326,147,2
-344,148,-196,1
302,-416,718,2
-161,-300,139,2
-299,-352,53,2
178,-278,-100,1
299,27,272,2
165,-298,463,2
-139,-398,259,2
-498,102,-396,1
302,-107,195,1
-418,40,-458,2
369,156,525,1
212,-19,231,2
-129,-135,6,2
-127,447,-574,2
325,427,752,1
15,220,235,1
-402,62,-464,2
-397,-500,-897,1
-342,457,-799,2
-289,497,208,1
306,-200,506,2
-204,-283,-487,1
-88,-147,59,2
31,197,228,1
-122,480,-602,2
-175,78,-253,2
155,-7,148,1
-7,-398,-405,1
-108,-142,-250,1
369,411,780,1
246,-23,269,2
2,11,-9,2
-41,-265,224,2
243,-225,18,1
193,-1,194,2
463,-494,957,2
160,493,-333,2
303,460,763,1
-155,206,51,1
121,-366,487,2
-124,-214,-338,1
-165,-471,-636,1
122,166,-44,2
-45,-255,-300,1
426,252,678,1
275,101,376,1
123,-321,444,2
496,270,766,1
111,94,17,2
450,-486,936,2
121,285,-164,2
191,445,636,1
36,202,238,1
453,83,370,2
406,-182,224,1
-111,-431,-542,1
-473,-337,-810,1
-182,-172,-10,2
166,477,643,1
-253,49,-204,1
314,-364,-50,1
297,-438,-141,1
-2,265,263,1
-295,171,-466,2
96,429,525,1
33,-352,385,2
-88,483,395,1
-363,192,-555,2
289,165,454,1
-492,-180,-312,2
-47,312,265,1
120,205,325,1
-301,-321,-622,1
-316,15,-301,1
-468,-72,-540,1
312,-70,382,2
-279,196,-83,1
410,31,441,1
268,433,701,1
130,-446,576,2
43,421,464,1
-53,-184,131,2
-206,-93,-113,2
-292,33,-259,1
17,-332,349,2
-148,-217,69,2
428,444,-16,2
89,339,-250,2
219,324,-105,2
-302,256,-46,1
-90,348,258,1
-335,-58,-393,1
126,-172,-46,1
-268,-360,92,2
67,-227,294,2
-398,219,-179,1
-418,-53,-471,1
36,-188,224,2
443,-426,869,2
-70,179,109,1
314,-303,11,1
-288,67,-221,1
-124,-229,105,2
87,315,-228,2
331,357,-26,2
335,-391,726,2
-253,-311,-564,1
-382,-340,-42,2
-263,-38,-301,1
-244,-278,34,2
430,192,238,2
-328,126,-454,2
243,3,246,1
497,-477,974,2
425,325,750,1
293,-348,-55,1
462,-195,267,1
496,242,738,1
-440,-417,-857,1
32,-421,-389,1
477,142,335,2
355,70,425,1
-176,441,265,1
197,-477,674,2
-499,-55,-554,1
404,3,407,1
-198,-309,111,2
476,35,511,1
-221,-242,21,2
-392,-11,-403,1
-39,-410,371,2
308,146,454,1
328,287,615,1
-430,112,-542,2
82,296,-214,2
466,-43,509,2
382,157,225,2
-464,-325,-139,2
-477,228,-249,1
124,-77,201,2
-409,125,-534,2
